4, 0, 0, 0, 2, 1, 0, 0, 0, 0, 0, 0
0, 4, 0, 0, 6, 0, 4, 3, 0, 5, 4, 0
0, 0, 0, 0, 6, 2, 0, 0, 0, 0, 0, 1
5, 0, 0, 0, 3, 3, 0, 0, 0, 2, 0, 0
5, 5, 1, 5, 0, 0, 6, 0, 6, 0, 6, 0
0, 0, 0, 0, 0, 0, 1, 2, 2, 0, 6, 0
3, 3, 1, 4, 0, 3, 0, 0, 4, 0, 0, 0
1, 3, 1, 5, 0, 0, 0, 0, 0, 0, 0, 0
4, 4, 0, 0, 5, 0, 4, 0, 0, 4, 0, 0
4, 4, 2, 0, 2, 0, 0, 0, 0, 4, 2, 4
0, 6, 0, 0, 5, 5, 4, 2, 0, 4, 2, 3
6, 0, 0, 0, 0, 0, 0, 0, 0, 0, 3, 3
WALLS
H 10 2
H 3 5
H 5 8
H 8 4
H 5 4
H 6 1
H 11 9
V 8 3
V 10 5
H 6 6
H 1 12
H 3 1
H 9 4
H 2 4
V 9 2
V 9 5
H 8 2
H 9 9
H 1 6
V 11 3
V 8 5
V 6 2
V 6 6
V 12 3
