3, 4, 4, 0, 4, 0, 0, 2, 3, 0, 0, 0
3, 0, 0, 0, 2, 0, 3, 1, 0, 2, 0, 2
0, 0, 3, 0, 0, 0, 6, 6, 3, 1, 0, 0
0, 0, 0, 3, 0, 3, 0, 0, 5, 0, 6, 0
0, 0, 5, 0, 0, 0, 0, 4, 0, 2, 6, 0
0, 0, 0, 0, 0, 3, 0, 0, 0, 0, 0, 6
0, 0, 6, 0, 1, 0, 4, 0, 0, 1, 0, 6
0, 6, 0, 1, 0, 0, 0, 2, 0, 4, 4, 4
0, 0, 0, 0, 5, 0, 0, 1, 3, 0, 2, 0
0, 4, 0, 0, 6, 0, 0, 0, 0, 0, 5, 0
0, 5, 0, 5, 6, 0, 0, 0, 0, 0, 0, 0
4, 0, 0, 5, 6, 0, 0, 0, 4, 0, 0, 0
WALLS
H 10 2
H 2 3
V 3 8
V 9 7
H 1 8
H 9 7
V 12 6
V 2 9
V 6 3
V 7 2
H 2 5
V 2 8
H 2 4
H 7 8
H 8 7
H 2 10
H 9 12
H 7 5
H 5 2
V 2 10
V 6 6
