0, 0, 0, 0, 5, 1, 0, 2, 0, 2, 0, 0, 0, 0, 0
5, 2, 0, 0, 0, 1, 3, 2, 0, 3, 0, 0, 0, 0, 0
0, 1, 0, 0, 0, 0, 3, 0, 3, 0, 0, 0, 0, 6, 0
0, 0, 0, 0, 0, 3, 0, 0, 3, 0, 0, 0, 0, 2, 0
0, 0, 0, 0, 0, 0, 0, 0, 0, 0, 0, 4, 0, 0, 3
3, 3, 4, 0, 0, 0, 0, 0, 5, 0, 0, 0, 1, 0, 3
5, 5, 0, 0, 0, 5, 4, 0, 0, 0, 3, 0, 0, 0, 0
0, 5, 0, 0, 3, 0, 1, 0, 3, 0, 0, 4, 0, 5, 0
0, 0, 0, 0, 0, 1, 0, 4, 3, 2, 0, 5, 0, 0, 2
0, 0, 0, 5, 2, 3, 3, 2, 3, 1, 3, 0, 3, 0, 0
0, 0, 1, 5, 0, 1, 0, 0, 0, 0, 2, 2, 0, 4, 0
0, 2, 0, 5, 5, 0, 0, 0, 0, 6, 0, 6, 6, 6, 0
0, 6, 0, 4, 1, 0, 4, 0, 5, 0, 0, 0, 2, 0, 0
6, 0, 4, 0, 0, 1, 0, 0, 0, 1, 0, 0, 0, 6, 0
0, 0, 0, 0, 0, 0, 0, 3, 3, 0, 0, 0, 2, 0, 0
WALLS
V 1 10
H 11 8
V 4 7
H 11 5
V 11 13
H 5 13
H 12 15
H 11 10
H 13 5
H 11 9
H 5 10
H 9 13
H 10 9
H 11 3
H 14 3
V 7 6
V 10 14
V 3 1
V 11 8
H 13 3
H 8 7
V 9 5
V 11 12
H 1 7
V 3 14
V 2 10
