0, 0, 4, 5, 0, 3, 0, 0, 0, 0, 6, 5, 5, 1, 0
0, 4, 0, 0, 0, 1, 0, 2, 6, 0, 0, 5, 5, 0, 0
0, 0, 0, 0, 0, 1, 0, 0, 0, 0, 0, 0, 0, 0, 0
0, 5, 0, 0, 6, 0, 0, 0, 4, 0, 0, 0, 0, 3, 4
0, 6, 2, 0, 0, 0, 6, 0, 0, 3, 0, 4, 0, 0, 0
0, 0, 0, 0, 0, 0, 0, 4, 2, 0, 0, 0, 0, 0, 4
6, 0, 0, 0, 0, 0, 0, 6, 0, 0, 3, 0, 2, 0, 0
1, 0, 0, 4, 0, 0, 4, 0, 0, 6, 0, 0, 0, 0, 6
0, 0, 0, 0, 0, 0, 0, 4, 4, 6, 3, 0, 1, 0, 0
0, 0, 0, 0, 0, 6, 4, 0, 0, 0, 0, 0, 3, 0, 0
6, 1, 0, 0, 0, 0, 0, 4, 0, 0, 0, 0, 2, 6, 0
0, 0, 6, 6, 0, 0, 0, 0, 0, 5, 0, 1, 0, 0, 0
5, 0, 0, 1, 0, 3, 5, 0, 0, 2, 2, 1, 4, 0, 1
0, 0, 0, 2, 3, 3, 0, 0, 0, 0, 0, 0, 0, 0, 0
0, 5, 0, 0, 0, 5, 0, 0, 0, 0, 0, 6, 0, 0, 0
WALLS
V 9 4
V 5 2
H 7 12
V 4 7
V 8 7
H 12 1
H 14 5
H 10 8
V 3 3
H 2 2
V 5 9
H 6 3
H 8 12
V 10 6
H 11 12
V 8 3
H 7 2
V 11 9
H 13 9
H 6 7
V 1 14
H 8 1
H 10 9
H 11 1
H 11 3
V 11 7
V 9 2
V 3 1
V 12 11
H 3 11
V 10 4
V 7 9
H 12 4
H 2 12
H 5 11
V 1 3
V 9 9
H 10 7
