0, 1, 5, 0, 5, 5, 0, 1, 0, 0, 0, 0, 1, 0, 3
4, 4, 0, 0, 0, 0, 0, 0, 0, 6, 0, 2, 0, 0, 0
0, 0, 0, 6, 6, 0, 3, 3, 0, 5, 5, 5, 0, 0, 0
0, 5, 0, 6, 0, 0, 0, 2, 0, 0, 0, 0, 0, 0, 0
0, 0, 2, 0, 0, 5, 0, 5, 0, 0, 0, 0, 0, 0, 0
6, 6, 6, 5, 0, 4, 0, 0, 5, 5, 0, 0, 4, 0, 0
0, 6, 0, 1, 5, 3, 4, 2, 0, 4, 1, 0, 0, 0, 0
0, 0, 0, 0, 3, 3, 0, 6, 6, 0, 1, 0, 0, 0, 4
6, 0, 0, 6, 0, 0, 6, 0, 6, 0, 6, 0, 5, 0, 4
2, 0, 0, 0, 0, 4, 1, 3, 0, 0, 0, 3, 0, 4, 0
0, 0, 1, 3, 0, 1, 0, 0, 4, 0, 0, 0, 0, 5, 0
1, 4, 0, 3, 3, 0, 0, 0, 4, 2, 0, 0, 0, 0, 0
0, 4, 0, 0, 0, 2, 3, 0, 3, 4, 0, 0, 0, 0, 5
0, 5, 1, 0, 0, 1, 0, 0, 6, 2, 0, 0, 3, 0, 0
0, 5, 0, 0, 0, 0, 6, 0, 1, 0, 5, 0, 0, 5, 5
WALLS
H 6 13
V 8 9
V 13 14
H 6 9
H 7 14
H 11 5
H 3 2
H 9 10
H 10 15
H 8 5
H 12 11
H 7 15
V 11 9
H 13 9
V 7 1
V 2 8
H 8 11
V 13 1
H 1 7
H 13 7
V 7 11
V 2 10
H 10 6
V 9 11
V 4 4
H 9 15
H 4 11
V 15 9
H 7 1
H 4 8
H 8 14
V 2 14
H 14 3
H 11 15
H 10 3
V 2 12
V 15 5
H 14 8
V 11 1
V 6 12
H 11 1
H 2 12
H 6 4
