0, 0, 3, 0, 1, 0, 5, 5, 5, 0, 0, 0
0, 0, 0, 0, 0, 6, 1, 0, 0, 0, 0, 5
0, 0, 0, 0, 0, 0, 2, 0, 0, 0, 0, 0
0, 0, 0, 0, 0, 0, 0, 0, 0, 0, 5, 0
0, 0, 5, 4, 4, 0, 0, 0, 0, 0, 0, 5
2, 2, 5, 5, 5, 3, 1, 0, 0, 3, 1, 0
5, 0, 0, 0, 2, 3, 0, 4, 3, 1, 0, 0
0, 0, 0, 0, 0, 0, 0, 1, 0, 0, 0, 5
5, 0, 0, 1, 5, 0, 0, 0, 0, 5, 0, 0
0, 6, 0, 0, 5, 0, 0, 3, 0, 0, 4, 0
3, 0, 6, 0, 0, 1, 6, 0, 0, 0, 0, 0
0, 0, 0, 0, 1, 0, 0, 2, 2, 0, 2, 0
WALLS
H 7 10
H 10 2
V 3 8
V 5 5
H 11 5
V 11 5
V 1 5
H 11 9
H 9 8
V 2 9
V 5 11
V 9 10
H 2 8
H 6 7
V 12 9
V 2 7
V 7 6
H 4 10
H 8 11
H 1 11
H 5 2
