0, 0, 2, 0, 0, 1, 0, 1, 0, 0, 3, 0, 0, 0, 0
0, 6, 0, 6, 1, 0, 0, 0, 2, 0, 0, 0, 0, 0, 0
0, 0, 0, 4, 0, 0, 2, 2, 0, 6, 6, 0, 2, 4, 4
0, 0, 1, 0, 4, 3, 0, 2, 3, 0, 0, 0, 0, 0, 0
4, 0, 4, 1, 0, 3, 0, 0, 0, 0, 0, 0, 0, 0, 0
0, 0, 1, 6, 6, 0, 4, 4, 0, 5, 0, 3, 0, 0, 1
3, 0, 0, 0, 0, 0, 0, 3, 0, 5, 2, 0, 0, 5, 0
3, 0, 0, 3, 0, 6, 3, 0, 0, 0, 0, 3, 2, 2, 0
0, 0, 0, 0, 0, 0, 0, 2, 0, 6, 0, 1, 0, 5, 2
0, 0, 0, 2, 0, 0, 0, 3, 3, 4, 0, 5, 0, 0, 1
0, 2, 0, 0, 0, 6, 0, 3, 1, 0, 0, 0, 6, 0, 6
3, 0, 2, 2, 0, 0, 0, 0, 5, 4, 0, 0, 3, 3, 3
1, 3, 4, 0, 0, 0, 2, 0, 0, 0, 0, 3, 0, 0, 3
2, 2, 4, 0, 1, 0, 0, 0, 0, 0, 0, 0, 4, 0, 0
0, 5, 0, 0, 0, 4, 0, 4, 2, 2, 3, 0, 0, 0, 0
WALLS
H 10 2
H 2 15
V 3 3
H 1 5
V 14 6
H 6 7
H 3 7
H 3 2
H 12 5
V 6 6
H 11 8
V 12 13
H 1 10
H 1 9
H 6 15
H 11 14
V 7 13
V 7 6
H 14 1
H 3 15
V 2 8
H 9 12
H 5 15
H 4 3
V 5 6
H 14 5
V 1 13
H 2 11
H 7 1
V 2 9
V 5 11
H 2 8
V 12 10
V 6 14
H 2 7
H 14 4
V 2 5
V 14 5
H 10 13
V 10 5
H 1 6
H 13 6
H 3 8
V 14 3
