0, 0, 0, 0, 1, 6, 0, 0, 0, 0, 0, 0, 0, 0, 0
0, 3, 0, 4, 6, 6, 0, 3, 0, 6, 0, 0, 0, 0, 2
1, 0, 0, 0, 1, 0, 3, 0, 3, 0, 0, 1, 0, 1, 0
0, 0, 4, 1, 0, 1, 1, 5, 2, 0, 2, 0, 0, 0, 0
2, 0, 1, 3, 0, 0, 0, 0, 2, 0, 2, 0, 0, 0, 0
2, 0, 0, 0, 4, 6, 5, 0, 0, 0, 6, 0, 0, 4, 4
0, 3, 4, 0, 0, 0, 0, 0, 0, 2, 6, 6, 6, 0, 0
0, 4, 3, 2, 2, 0, 0, 0, 3, 1, 5, 0, 0, 0, 3
0, 0, 0, 3, 0, 3, 6, 0, 0, 2, 5, 5, 0, 0, 3
0, 0, 0, 0, 5, 0, 0, 6, 6, 0, 0, 5, 0, 0, 0
1, 4, 0, 4, 5, 0, 6, 0, 0, 0, 0, 0, 0, 0, 0
2, 0, 2, 0, 5, 0, 0, 0, 0, 0, 0, 1, 0, 4, 4
0, 0, 0, 0, 0, 4, 0, 0, 0, 5, 0, 0, 0, 0, 0
0, 4, 0, 0, 0, 0, 5, 0, 0, 0, 4, 4, 0, 3, 0
0, 3, 3, 0, 0, 0, 0, 0, 2, 0, 5, 0, 1, 0, 0
WALLS
V 7 8
V 10 12
V 9 7
V 5 2
V 10 10
H 5 8
V 4 7
H 9 7
V 8 7
H 2 15
H 7 3
H 2 2
V 11 1
H 5 13
V 12 2
H 12 7
V 3 10
V 13 3
H 11 9
H 1 10
H 3 1
H 4 4
H 6 7
H 9 5
H 11 14
H 5 14
V 1 4
V 1 7
V 6 10
H 1 1
H 9 9
V 4 6
H 9 12
H 10 1
H 11 2
H 1 11
H 9 14
H 6 13
