3, 0, 0, 5, 0, 6, 6, 0, 0, 5, 5, 5
1, 6, 0, 0, 0, 0, 6, 0, 0, 5, 0, 0
0, 0, 0, 0, 5, 0, 0, 0, 3, 3, 2, 0
0, 3, 0, 0, 0, 1, 0, 0, 5, 3, 1, 0
5, 0, 0, 3, 2, 0, 0, 0, 0, 0, 0, 0
0, 3, 4, 0, 0, 0, 1, 3, 5, 4, 4, 0
0, 5, 0, 0, 0, 2, 0, 0, 0, 5, 0, 0
2, 5, 0, 0, 0, 0, 0, 0, 0, 3, 0, 0
5, 0, 5, 1, 0, 0, 3, 0, 0, 0, 0, 4
0, 0, 0, 0, 4, 3, 0, 0, 4, 2, 0, 0
0, 5, 5, 0, 0, 0, 0, 3, 0, 2, 1, 0
0, 0, 0, 0, 4, 0, 3, 0, 0, 0, 3, 3
WALLS
V 5 2
H 5 8
H 6 9
H 10 8
H 7 3
V 11 5
H 8 12
H 7 11
H 9 5
H 2 4
H 1 3
V 7 9
V 4 6
H 2 12
H 1 2
H 1 11
V 7 4
