0, 0, 1, 4, 0, 0, 0, 0, 5, 3, 3, 3
0, 0, 0, 0, 0, 0, 0, 0, 5, 0, 0, 0
0, 5, 2, 0, 1, 6, 6, 4, 0, 0, 4, 4
0, 0, 0, 5, 0, 0, 4, 0, 1, 0, 0, 4
5, 5, 0, 0, 0, 3, 0, 0, 0, 0, 2, 0
1, 0, 6, 5, 6, 6, 0, 0, 0, 0, 2, 0
0, 6, 6, 0, 0, 0, 0, 0, 0, 6, 0, 1
0, 6, 0, 0, 6, 0, 4, 0, 6, 0, 4, 0
0, 3, 0, 0, 0, 0, 0, 4, 1, 0, 4, 0
0, 0, 1, 0, 0, 0, 0, 0, 0, 0, 0, 0
5, 0, 0, 0, 0, 1, 5, 1, 6, 0, 0, 0
0, 0, 0, 3, 0, 1, 0, 6, 6, 0, 0, 0
WALLS
H 7 10
H 3 5
H 4 7
H 7 12
V 9 8
V 1 2
H 7 1
V 7 10
H 3 9
V 11 5
V 6 8
V 4 3
V 5 4
H 1 12
H 8 3
H 9 5
V 2 7
V 3 2
H 3 6
H 7 8
H 3 11
H 8 2
H 2 10
H 9 9
V 8 1
V 6 5
